within Example2.PFData.Data.BusData;
record PF_Bus_3
  "Case 3: 600 MW Total Generation. Solution generated through PSAT and exported"
  extends PFData.Data.BusData.Bus_Template(
V1 = 1.030000000000000026645353,
A1 = 0.267372850195426503550067,
V2 = 1.010000000000000008881784,
A2 = 0.209099449706210194221967,
V3 = 1.030000000000000026645353,
A3 = -0.118682399999999993456257,
V4 = 1.010000000000000008881784,
A4 = -0.081268120752123917949206,
V5 = 1.024244455958393418271157,
A5 = 0.227867048742997790888865,
V6 = 1.011947918440156968244992,
A6 = 0.168321105829772110773490,
V7 = 1.007850263071546015325453,
A7 = 0.119462552904001748088625,
V8 = 1.006146565666131698080221,
A8 = -0.014664028766080585211573,
V9 = 1.006366833758768564166530,
A9 = -0.147387478259824733495265,
V10 = 1.011767798556977515644917,
A10 = -0.122053728217705284575523,
V11 = 1.023038471567989216026717,
A11 = -0.120446714029060722439546);
end PF_Bus_3;
