within Example2.PFData.Data.BusData;
record PF_Bus_1 "Case 1: Base Case, 1550 MW Total Generation. Solution generated through PSAT and exported"
  extends PFData.Data.BusData.Bus_Template(
V1 = 1.030000000000000026645353,
A1 = 0.353381617759011334989339,
V2 = 1.010000000000000008881784,
A2 = 0.183079867930758671823455,
V3 = 1.030000000000000026645353,
A3 = -0.118682399999999993456257,
V4 = 1.010000000000000008881784,
A4 = -0.296314118513723079306743,
V5 = 1.006868743567559176810278,
A5 = 0.240647076811152743625044,
V6 = 0.979142058690767758122320,
A6 = 0.064832288389243569737275,
V7 = 0.962831011348559862028651,
A7 = -0.081590947228161264659363,
V8 = 0.948276887978486193730987,
A8 = -0.323114536393189877294674,
V9 = 0.973864710338688710500321,
A9 = -0.560256955944522627710569,
V10 = 0.984857572147705417897612,
A10 = -0.413872272884731773334721,
V11 = 1.008829440787384346123190,
A11 = -0.234249217664486170109583);
end PF_Bus_1;
