x1 = 3.25
x2 = 3.25/5.5

xp = (x1*x2)/(x1+x2)